[task14] TSML_Jordan @ TSML_Idempotent commutator
commutator C:
[[  0   0   0   0   0   0   0   0   0   0]
 [  0   0  10   0  11 -14  14  21  21  51]
 [  0 -10   0 -14  -6 -28   0   7   7  49]
 [  0   0  14   0  14 -14  14  21  21  25]
 [  0 -11   6 -14   0 -28   0   7  11  35]
 [  0  14  28  14  28   0  28  35  35  51]
 [  0 -14   0 -14   0 -28   0   7   7  35]
 [  0 -21  -7 -21  -7 -35  -7   0   0  28]
 [  0 -21  -7 -21 -11 -35  -7   0   0  28]
 [  0 -51 -49 -25 -35 -51 -35 -28 -28   0]]

symmetric part (C + C^T)/2:
[[0. 0. 0. 0. 0. 0. 0. 0. 0. 0.]
 [0. 0. 0. 0. 0. 0. 0. 0. 0. 0.]
 [0. 0. 0. 0. 0. 0. 0. 0. 0. 0.]
 [0. 0. 0. 0. 0. 0. 0. 0. 0. 0.]
 [0. 0. 0. 0. 0. 0. 0. 0. 0. 0.]
 [0. 0. 0. 0. 0. 0. 0. 0. 0. 0.]
 [0. 0. 0. 0. 0. 0. 0. 0. 0. 0.]
 [0. 0. 0. 0. 0. 0. 0. 0. 0. 0.]
 [0. 0. 0. 0. 0. 0. 0. 0. 0. 0.]
 [0. 0. 0. 0. 0. 0. 0. 0. 0. 0.]]

antisymmetric part (C - C^T)/2:
[[  0.   0.   0.   0.   0.   0.   0.   0.   0.   0.]
 [  0.   0.  10.   0.  11. -14.  14.  21.  21.  51.]
 [  0. -10.   0. -14.  -6. -28.   0.   7.   7.  49.]
 [  0.   0.  14.   0.  14. -14.  14.  21.  21.  25.]
 [  0. -11.   6. -14.   0. -28.   0.   7.  11.  35.]
 [  0.  14.  28.  14.  28.   0.  28.  35.  35.  51.]
 [  0. -14.   0. -14.   0. -28.   0.   7.   7.  35.]
 [  0. -21.  -7. -21.  -7. -35.  -7.   0.   0.  28.]
 [  0. -21.  -7. -21. -11. -35.  -7.   0.   0.  28.]
 [  0. -51. -49. -25. -35. -51. -35. -28. -28.   0.]]

||sym||_F  = 0.000000
||anti||_F = 203.032017

[task14] VERDICT: PURE LIE BRACKET (symmetric part = 0)

[task14] wrote C:\Users\brayd\OneDrive\Desktop\CK FINAL DEPLOYED\papers\morphotic_braid\results\task14_lie_bracket_result.md
